00000000
924924D1
00000000
924924F1
00000000
924924F3
00000000
92492473
00000000
92492473
00000000
92492453
00000000
92492459
00000000
92492559
00000000
92492558
00000000
92492558
00000000
92492558
00000000
92492518
00000000
92492510
00000000
92492510
00000000
92492510
00000000
92492594
00000000
92492594
00000000
92492594
00000000
92492594
00000000
92492494
00000000
92492494
00000000
92492490
00000000
92492490
00000000
924924D0
00000000
924924D1
00000000
924924F1
00000000
924924F3
00000000
92492473
00000000
92492473
00000000
92492453
00000000
92492459
00000000
92492559
00000000
92492558
00000000
92492558
00000000
92492558
00000000
92492518
00000000
92492510
00000000
92492510
00000000
92492510
00000000
92492514
00000000
92492514
00000000
92492514
00000000
92492514
00000000
92492514
00000000
92492514
00000000
92492510
00000000
92492510
00000000
92492510
00000000
924DB791
00000000
924DB7B1
00000000
924DB7B3
00000000
924DB7B3
00000000
924DB7B3
00000000
924DB793
00000000
924DB799
00000000
924DB799
00000000
924DB798
00000000
924DB798
00000000
924DB798
00000000
924DB798
00000000
924DB790
00000000
924DB790
00000000
924DB790
00000000
924DB794
00000000
924DB794
00000000
924DB794
00000000
924DB794
00000000
924DB794
00000000
924DB794
00000000
924DB790
00000000
924DB790
00000000
924DB790
00000000
92449291
00000000
924492B1
00000000
924492B3
00000000
924492B3
00000000
924492B3
00000000
92449293
00000000
92449299
00000000
92449299
00000000
92449298
00000000
92449298
00000000
92449298
00000000
92449298
00000000
92449290
00000000
92449290
00000000
92449290
00000000
92449294
00000000
92449294
00000000
92449294
00000000
92449294
00000000
92449294
00000000
92449294
00000000
92449290
00000000
92449290
00000000
92449290
00000000
9256DAD1
00000000
9256DAF1
00000000
9256DAF3
00000000
9256DAF3
00000000
9256DAF3
00000000
9256DAD3
00000000
9256DAD9
00000000
9256DAD9
00000000
9256DAD8
00000000
9256DAD8
00000000
9256DAD8
00000000
9256DAD8
00000000
9256DAD0
00000000
9256DAD0
00000000
9256DAD0
00000000
9256DAD4
00000000
9256DAD4
00000000
9256DAD4
00000000
9256DAD4
00000000
9256DAD4
00000000
9256DAD4
00000000
9256DAD0
00000000
9256DAD0
00000000
9256DAD0
00000000
92524851
00000000
92524871
00000000
92524873
00000000
92524873
00000000
92524873
00000000
92524853
00000000
92524859
00000000
92524959
00000000
92524958
00000000
92524958
00000000
92524958
00000000
92524918
00000000
92524910
00000000
92524910
00000000
92524910
00000000
92524994
00000000
92524994
00000000
92524994
00000000
92524994
00000000
92524894
00000000
92524894
00000000
92524890
00000000
92524890
00000000
925248D0
00000000
925B6CD1
00000000
925B6CF1
00000000
925B6CF3
00000000
925B6C73
00000000
925B6C73
00000000
925B6C53
00000000
925B6C59
00000000
925B6D59
00000000
925B6D58
00000000
925B6D58
00000000
925B6D58
00000000
925B6D18
00000000
925B6D10
00000000
925B6D10
00000000
925B6D10
00000000
925B6D94
00000000
925B6D94
00000000
925B6D94
00000000
925B6D94
00000000
925B6C94
00000000
925B6C94
00000000
925B6C90
00000000
925B6C90
00000000
925B6CD0
00000000
924924D1
00000000
924924D1
00000000
924924D1
00000000
92492451
00000000
92492451
00000000
92492451
00000000
92492451
00000000
92492451
00000000
92492450
00000000
92492450
00000000
92492450
00000000
92492450
00000000
92492450
00000000
92492450
00000000
92492450
00000000
92492450
00000000
92492450
00000000
92492450
00000000
92492450
00000000
92492450
00000000
92492450
00000000
92492450
00000000
92492450
00000000
92492450
00000000
D24D2451
00000000
D24D2451
00000000
D24D2451
00000000
D24D2451
00000000
D24D2451
00000000
D24D2451
00000000
D24D2451
00000000
D24D2451
00000000
D24D2450
00000000
D24D2450
00000000
D24D2450
00000000
D24D2450
00000000
D24D2450
00000000
D24D2450
00000000
D24D2450
00000000
D24D2450
00000000
D24D2450
00000000
D24D2450
00000000
D24D2450
00000000
D24D2450
00000000
D24D2450
00000000
D24D2450
00000000
D24D2450
00000000
D24D2450
00000000
52452451
00000000
52452451
00000000
52452451
00000000
52452451
00000000
52452451
00000000
52452451
00000000
52452451
00000000
52452451
00000000
52452450
00000000
52452450
00000000
52452450
00000000
52452450
00000000
52452450
00000000
52452450
00000000
52452450
00000000
52452450
00000000
52452450
00000000
52452450
00000000
52452450
00000000
52452450
00000000
52452450
00000000
52452450
00000000
52452450
00000000
52452450
00000001
52552451
00000001
52552451
00000001
52552451
00000001
52552451
00000001
52552451
00000001
52552451
00000001
52552451
00000001
52552451
00000001
52552450
00000001
52552450
00000001
52552450
00000001
52552450
00000001
52552450
00000001
52552450
00000001
52552450
00000001
52552450
00000001
52552450
00000001
52552450
00000001
52552450
00000001
52552450
00000001
52552450
00000001
52552450
00000001
52552450
00000001
52552450
00000001
12512451
00000001
12512451
00000001
12512451
00000001
12512451
00000001
12512451
00000001
12512451
00000001
12512451
00000001
12512451
00000001
12512450
00000001
12512450
00000001
12512450
00000001
12512450
00000001
12512450
00000001
12512450
00000001
12512450
00000001
12512450
00000001
12512450
00000001
12512450
00000001
12512450
00000001
12512450
00000001
12512450
00000001
12512450
00000001
12512450
00000001
12512450
00000001
92592451
00000001
92592471
00000001
92592473
00000001
92592473
00000001
92592473
00000001
92592453
00000001
92592459
00000001
92592459
00000001
92592458
00000001
92592458
00000001
92592458
00000001
92592458
00000001
92592450
00000001
92592450
00000001
92592450
00000001
92592454
00000001
92592454
00000001
92592454
00000001
92592454
00000001
92592454
00000001
92592454
00000001
92592450
00000001
92592450
00000001
92592450
00000000
924924D1
00000000
924924D1
00000000
924924D1
00000000
92492451
00000000
92492451
00000000
92492451
00000000
92492451
00000000
92492451
00000000
92492450
00000000
92492450
00000000
92492450
00000000
92492450
00000000
92492450
00000000
92492450
00000000
92492450
00000000
92492450
00000000
92492450
00000000
92492450
00000000
92492450
00000000
92492450
00000000
92492450
00000000
92492450
00000000
92492450
00000000
92492450
00000000
9A49A451
00000000
9A49A451
00000000
9A49A451
00000000
9A49A451
00000000
9A49A451
00000000
9A49A451
00000000
9A49A451
00000000
9A49A451
00000000
9A49A450
00000000
9A49A450
00000000
9A49A450
00000000
9A49A450
00000000
9A49A450
00000000
9A49A450
00000000
9A49A450
00000000
9A49A450
00000000
9A49A450
00000000
9A49A450
00000000
9A49A450
00000000
9A49A450
00000000
9A49A450
00000000
9A49A450
00000000
9A49A450
00000000
9A49A450
00000000
8A48A451
00000000
8A48A451
00000000
8A48A451
00000000
8A48A451
00000000
8A48A451
00000000
8A48A451
00000000
8A48A451
00000000
8A48A451
00000000
8A48A450
00000000
8A48A450
00000000
8A48A450
00000000
8A48A450
00000000
8A48A450
00000000
8A48A450
00000000
8A48A450
00000000
8A48A450
00000000
8A48A450
00000000
8A48A450
00000000
8A48A450
00000000
8A48A450
00000000
8A48A450
00000000
8A48A450
00000000
8A48A450
00000000
8A48A450
00000000
AA4AA451
00000000
AA4AA451
00000000
AA4AA451
00000000
AA4AA451
00000000
AA4AA451
00000000
AA4AA451
00000000
AA4AA451
00000000
AA4AA451
00000000
AA4AA450
00000000
AA4AA450
00000000
AA4AA450
00000000
AA4AA450
00000000
AA4AA450
00000000
AA4AA450
00000000
AA4AA450
00000000
AA4AA450
00000000
AA4AA450
00000000
AA4AA450
00000000
AA4AA450
00000000
AA4AA450
00000000
AA4AA450
00000000
AA4AA450
00000000
AA4AA450
00000000
AA4AA450
00000000
A24A2451
00000000
A24A2451
00000000
A24A2451
00000000
A24A2451
00000000
A24A2451
00000000
A24A2451
00000000
A24A2451
00000000
A24A2451
00000000
A24A2450
00000000
A24A2450
00000000
A24A2450
00000000
A24A2450
00000000
A24A2450
00000000
A24A2450
00000000
A24A2450
00000000
A24A2450
00000000
A24A2450
00000000
A24A2450
00000000
A24A2450
00000000
A24A2450
00000000
A24A2450
00000000
A24A2450
00000000
A24A2450
00000000
A24A2450
00000000
B24B2451
00000000
B24B2471
00000000
B24B2473
00000000
B24B2473
00000000
B24B2473
00000000
B24B2453
00000000
B24B2459
00000000
B24B2459
00000000
B24B2458
00000000
B24B2458
00000000
B24B2458
00000000
B24B2458
00000000
B24B2450
00000000
B24B2450
00000000
B24B2450
00000000
B24B2454
00000000
B24B2454
00000000
B24B2454
00000000
B24B2454
00000000
B24B2454
00000000
B24B2454
00000000
B24B2450
00000000
B24B2450
00000000
B24B2450
00000000
924924D1
00000000
924924D1
00000000
924924D1
00000000
92492451
00000000
92492451
00000000
92492451
00000000
92492451
00000000
92492451
00000000
92492450
00000000
92492450
00000000
92492450
00000000
92492450
00000000
92492450
00000000
92492450
00000000
92492450
00000000
92492450
00000000
92492450
00000000
92492450
00000000
92492450
00000000
92492450
00000000
92492450
00000000
92492450
00000000
92492450
00000000
92492450
00000000
93493451
00000000
93493451
00000000
93493451
00000000
93493451
00000000
93493451
00000000
93493451
00000000
93493451
00000000
93493451
00000000
93493450
00000000
93493450
00000000
93493450
00000000
93493450
00000000
93493450
00000000
93493450
00000000
93493450
00000000
93493450
00000000
93493450
00000000
93493450
00000000
93493450
00000000
93493450
00000000
93493450
00000000
93493450
00000000
93493450
00000000
93493450
00000000
91491451
00000000
91491451
00000000
91491451
00000000
91491451
00000000
91491451
00000000
91491451
00000000
91491451
00000000
91491451
00000000
91491450
00000000
91491450
00000000
91491450
00000000
91491450
00000000
91491450
00000000
91491450
00000000
91491450
00000000
91491450
00000000
91491450
00000000
91491450
00000000
91491450
00000000
91491450
00000000
91491450
00000000
91491450
00000000
91491450
00000000
91491450
00000000
95495451
00000000
95495451
00000000
95495451
00000000
95495451
00000000
95495451
00000000
95495451
00000000
95495451
00000000
95495451
00000000
95495450
00000000
95495450
00000000
95495450
00000000
95495450
00000000
95495450
00000000
95495450
00000000
95495450
00000000
95495450
00000000
95495450
00000000
95495450
00000000
95495450
00000000
95495450
00000000
95495450
00000000
95495450
00000000
95495450
00000000
95495450
00000000
94494451
00000000
94494451
00000000
94494451
00000000
94494451
00000000
94494451
00000000
94494451
00000000
94494451
00000000
94494451
00000000
94494450
00000000
94494450
00000000
94494450
00000000
94494450
00000000
94494450
00000000
94494450
00000000
94494450
00000000
94494450
00000000
94494450
00000000
94494450
00000000
94494450
00000000
94494450
00000000
94494450
00000000
94494450
00000000
94494450
00000000
94494450
00000000
96496451
00000000
96496471
00000000
96496473
00000000
96496473
00000000
96496473
00000000
96496453
00000000
96496459
00000000
96496459
00000000
96496458
00000000
96496458
00000000
96496458
00000000
96496458
00000000
96496450
00000000
96496450
00000000
96496450
00000000
96496454
00000000
96496454
00000000
96496454
00000000
96496454
00000000
96496454
00000000
96496454
00000000
96496450
00000000
96496450
00000000
96496450
00000000
924924D1
00000000
924924D1
00000000
924924D1
00000000
92492451
00000000
92492451
00000000
92492451
00000000
92492451
00000000
92492451
00000000
92492450
00000000
92492450
00000000
92492450
00000000
92492450
00000000
92492450
00000000
92492450
00000000
92492450
00000000
92492450
00000000
92492450
00000000
92492450
00000000
92492450
00000000
92492450
00000000
92492450
00000000
92492450
00000000
92492450
00000000
92492450
00000000
92692651
00000000
92692651
00000000
92692651
00000000
92692651
00000000
92692651
00000000
92692651
00000000
92692651
00000000
92692651
00000000
92692650
00000000
92692650
00000000
92692650
00000000
92692650
00000000
92692650
00000000
92692650
00000000
92692650
00000000
92692650
00000000
92692650
00000000
92692650
00000000
92692650
00000000
92692650
00000000
92692650
00000000
92692650
00000000
92692650
00000000
92692650
00000000
92292251
00000000
92292251
00000000
92292251
00000000
92292251
00000000
92292251
00000000
92292251
00000000
92292251
00000000
92292251
00000000
92292250
00000000
92292250
00000000
92292250
00000000
92292250
00000000
92292250
00000000
92292250
00000000
92292250
00000000
92292250
00000000
92292250
00000000
92292250
00000000
92292250
00000000
92292250
00000000
92292250
00000000
92292250
00000000
92292250
00000000
92292250
00000000
92A92A51
00000000
92A92A51
00000000
92A92A51
00000000
92A92A51
00000000
92A92A51
00000000
92A92A51
00000000
92A92A51
00000000
92A92A51
00000000
92A92A50
00000000
92A92A50
00000000
92A92A50
00000000
92A92A50
00000000
92A92A50
00000000
92A92A50
00000000
92A92A50
00000000
92A92A50
00000000
92A92A50
00000000
92A92A50
00000000
92A92A50
00000000
92A92A50
00000000
92A92A50
00000000
92A92A50
00000000
92A92A50
00000000
92A92A50
00000000
92892851
00000000
92892851
00000000
92892851
00000000
92892851
00000000
92892851
00000000
92892851
00000000
92892851
00000000
92892851
00000000
92892850
00000000
92892850
00000000
92892850
00000000
92892850
00000000
92892850
00000000
92892850
00000000
92892850
00000000
92892850
00000000
92892850
00000000
92892850
00000000
92892850
00000000
92892850
00000000
92892850
00000000
92892850
00000000
92892850
00000000
92892850
00000000
92C92C51
00000000
92C92C71
00000000
92C92C73
00000000
92C92C73
00000000
92C92C73
00000000
92C92C53
00000000
92C92C59
00000000
92C92C59
00000000
92C92C58
00000000
92C92C58
00000000
92C92C58
00000000
92C92C58
00000000
92C92C50
00000000
92C92C50
00000000
92C92C50
00000000
92C92C54
00000000
92C92C54
00000000
92C92C54
00000000
92C92C54
00000000
92C92C54
00000000
92C92C54
00000000
92C92C50
00000000
92C92C50
00000000
92C92C50
00000000
924924D1
00000000
924924F1
00000000
924924F3
00000000
92492473
00000000
92492473
00000000
92492453
00000000
92492459
00000000
92492559
00000000
92492558
00000000
92492558
00000000
92492558
00000000
92492518
00000000
92492510
00000000
92492510
00000000
92492510
00000000
92492594
00000000
92492594
00000000
92492594
00000000
92492594
00000000
92492494
00000000
92492494
00000000
92492490
00000000
92492490
00000000
924924D0
00000000
924924D1
00000000
924924F1
00000000
924924F3
00000000
92492473
00000000
92492473
00000000
92492453
00000000
92492459
00000000
92492559
00000000
92492558
00000000
92492558
00000000
92492558
00000000
92492518
00000000
92492510
00000000
92492510
00000000
92492510
00000000
92492594
00000000
92492594
00000000
92492594
00000000
92492594
00000000
92492494
00000000
92492494
00000000
92492490
00000000
92492490
00000000
924924D0
00000000
924924D1
00000000
924924F1
00000000
924924F3
00000000
92492473
00000000
92492473
00000000
92492453
00000000
92492459
00000000
92492559
00000000
92492558
00000000
92492558
00000000
92492558
00000000
92492518
00000000
92492510
00000000
92492510
00000000
92492510
00000000
92492594
00000000
92492594
00000000
92492594
00000000
92492594
00000000
92492494
00000000
92492494
00000000
92492490
00000000
92492490
00000000
924924D0
00000000
924924D1
00000000
924924F1
00000000
924924F3
00000000
92492473
00000000
92492473
00000000
92492453
00000000
92492459
00000000
92492559
00000000
92492558
00000000
92492558
00000000
92492558
00000000
92492518
00000000
92492510
00000000
92492510
00000000
92492510
00000000
92492594
00000000
92492594
00000000
92492594
00000000
92492594
00000000
92492494
00000000
92492494
00000000
92492490
00000000
92492490
00000000
924924D0
00000000
924924D1
00000000
924924F1
00000000
924924F3
00000000
92492473
00000000
92492473
00000000
92492453
00000000
92492459
00000000
92492559
00000000
92492558
00000000
92492558
00000000
92492558
00000000
92492518
00000000
92492510
00000000
92492510
00000000
92492510
00000000
92492594
00000000
92492594
00000000
92492594
00000000
92492594
00000000
92492494
00000000
92492494
00000000
92492490
00000000
92492490
00000000
924924D0
00000000
924924D1
00000000
924924F1
00000000
924924F3
00000000
92492473
00000000
92492473
00000000
92492453
00000000
92492459
00000000
92492559
00000000
92492558
00000000
92492558
00000000
92492558
00000000
92492518
00000000
92492510
00000000
92492510
00000000
92492510
00000000
92492594
00000000
92492594
00000000
92492594
00000000
92492594
00000000
92492494
00000000
92492494
00000000
92492490
00000000
92492490
00000000
924924D0
0
0

