2454267089
2454267121
2454267123
2454266995
2454266995
2454266963
2454266969
2454267225
2454267224
2454267224
2454267224
2454267160
2454267152
2454267152
2454267152
2454267284
2454267284
2454267284
2454267284
2454267028
2454267028
2454267024
2454267024
2454267088
2454267089
2454267121
2454267123
2454266995
2454266995
2454266963
2454266969
2454267225
2454267224
2454267224
2454267224
2454267160
2454267152
2454267152
2454267152
2454267156
2454267156
2454267156
2454267156
2454267156
2454267156
2454267152
2454267152
2454267152
2454566801
2454566833
2454566835
2454566835
2454566835
2454566803
2454566809
2454566809
2454566808
2454566808
2454566808
2454566808
2454566800
2454566800
2454566800
2454566804
2454566804
2454566804
2454566804
2454566804
2454566804
2454566800
2454566800
2454566800
2453967505
2453967537
2453967539
2453967539
2453967539
2453967507
2453967513
2453967513
2453967512
2453967512
2453967512
2453967512
2453967504
2453967504
2453967504
2453967508
2453967508
2453967508
2453967508
2453967508
2453967508
2453967504
2453967504
2453967504
2455165649
2455165681
2455165683
2455165683
2455165683
2455165651
2455165657
2455165657
2455165656
2455165656
2455165656
2455165656
2455165648
2455165648
2455165648
2455165652
2455165652
2455165652
2455165652
2455165652
2455165652
2455165648
2455165648
2455165648
2454866001
2454866033
2454866035
2454866035
2454866035
2454866003
2454866009
2454866265
2454866264
2454866264
2454866264
2454866200
2454866192
2454866192
2454866192
2454866324
2454866324
2454866324
2454866324
2454866068
2454866068
2454866064
2454866064
2454866128
2455465169
2455465201
2455465203
2455465075
2455465075
2455465043
2455465049
2455465305
2455465304
2455465304
2455465304
2455465240
2455465232
2455465232
2455465232
2455465364
2455465364
2455465364
2455465364
2455465108
2455465108
2455465104
2455465104
2455465168
2454267089
2454267089
2454267089
2454266961
2454266961
2454266961
2454266961
2454266961
2454266960
2454266960
2454266960
2454266960
2454266960
2454266960
2454266960
2454266960
2454266960
2454266960
2454266960
2454266960
2454266960
2454266960
2454266960
2454266960
3528270929
3528270929
3528270929
3528270929
3528270929
3528270929
3528270929
3528270929
3528270928
3528270928
3528270928
3528270928
3528270928
3528270928
3528270928
3528270928
3528270928
3528270928
3528270928
3528270928
3528270928
3528270928
3528270928
3528270928
1380262993
1380262993
1380262993
1380262993
1380262993
1380262993
1380262993
1380262993
1380262992
1380262992
1380262992
1380262992
1380262992
1380262992
1380262992
1380262992
1380262992
1380262992
1380262992
1380262992
1380262992
1380262992
1380262992
1380262992
5676278865
5676278865
5676278865
5676278865
5676278865
5676278865
5676278865
5676278865
5676278864
5676278864
5676278864
5676278864
5676278864
5676278864
5676278864
5676278864
5676278864
5676278864
5676278864
5676278864
5676278864
5676278864
5676278864
5676278864
4602274897
4602274897
4602274897
4602274897
4602274897
4602274897
4602274897
4602274897
4602274896
4602274896
4602274896
4602274896
4602274896
4602274896
4602274896
4602274896
4602274896
4602274896
4602274896
4602274896
4602274896
4602274896
4602274896
4602274896
6750282833
6750282865
6750282867
6750282867
6750282867
6750282835
6750282841
6750282841
6750282840
6750282840
6750282840
6750282840
6750282832
6750282832
6750282832
6750282836
6750282836
6750282836
6750282836
6750282836
6750282836
6750282832
6750282832
6750282832
2454267089
2454267089
2454267089
2454266961
2454266961
2454266961
2454266961
2454266961
2454266960
2454266960
2454266960
2454266960
2454266960
2454266960
2454266960
2454266960
2454266960
2454266960
2454266960
2454266960
2454266960
2454266960
2454266960
2454266960
2588517457
2588517457
2588517457
2588517457
2588517457
2588517457
2588517457
2588517457
2588517456
2588517456
2588517456
2588517456
2588517456
2588517456
2588517456
2588517456
2588517456
2588517456
2588517456
2588517456
2588517456
2588517456
2588517456
2588517456
2320016465
2320016465
2320016465
2320016465
2320016465
2320016465
2320016465
2320016465
2320016464
2320016464
2320016464
2320016464
2320016464
2320016464
2320016464
2320016464
2320016464
2320016464
2320016464
2320016464
2320016464
2320016464
2320016464
2320016464
2857018449
2857018449
2857018449
2857018449
2857018449
2857018449
2857018449
2857018449
2857018448
2857018448
2857018448
2857018448
2857018448
2857018448
2857018448
2857018448
2857018448
2857018448
2857018448
2857018448
2857018448
2857018448
2857018448
2857018448
2722767953
2722767953
2722767953
2722767953
2722767953
2722767953
2722767953
2722767953
2722767952
2722767952
2722767952
2722767952
2722767952
2722767952
2722767952
2722767952
2722767952
2722767952
2722767952
2722767952
2722767952
2722767952
2722767952
2722767952
2991268945
2991268977
2991268979
2991268979
2991268979
2991268947
2991268953
2991268953
2991268952
2991268952
2991268952
2991268952
2991268944
2991268944
2991268944
2991268948
2991268948
2991268948
2991268948
2991268948
2991268948
2991268944
2991268944
2991268944
2454267089
2454267089
2454267089
2454266961
2454266961
2454266961
2454266961
2454266961
2454266960
2454266960
2454266960
2454266960
2454266960
2454266960
2454266960
2454266960
2454266960
2454266960
2454266960
2454266960
2454266960
2454266960
2454266960
2454266960
2471048273
2471048273
2471048273
2471048273
2471048273
2471048273
2471048273
2471048273
2471048272
2471048272
2471048272
2471048272
2471048272
2471048272
2471048272
2471048272
2471048272
2471048272
2471048272
2471048272
2471048272
2471048272
2471048272
2471048272
2437485649
2437485649
2437485649
2437485649
2437485649
2437485649
2437485649
2437485649
2437485648
2437485648
2437485648
2437485648
2437485648
2437485648
2437485648
2437485648
2437485648
2437485648
2437485648
2437485648
2437485648
2437485648
2437485648
2437485648
2504610897
2504610897
2504610897
2504610897
2504610897
2504610897
2504610897
2504610897
2504610896
2504610896
2504610896
2504610896
2504610896
2504610896
2504610896
2504610896
2504610896
2504610896
2504610896
2504610896
2504610896
2504610896
2504610896
2504610896
2487829585
2487829585
2487829585
2487829585
2487829585
2487829585
2487829585
2487829585
2487829584
2487829584
2487829584
2487829584
2487829584
2487829584
2487829584
2487829584
2487829584
2487829584
2487829584
2487829584
2487829584
2487829584
2487829584
2487829584
2521392209
2521392241
2521392243
2521392243
2521392243
2521392211
2521392217
2521392217
2521392216
2521392216
2521392216
2521392216
2521392208
2521392208
2521392208
2521392212
2521392212
2521392212
2521392212
2521392212
2521392212
2521392208
2521392208
2521392208
2454267089
2454267089
2454267089
2454266961
2454266961
2454266961
2454266961
2454266961
2454266960
2454266960
2454266960
2454266960
2454266960
2454266960
2454266960
2454266960
2454266960
2454266960
2454266960
2454266960
2454266960
2454266960
2454266960
2454266960
2456364625
2456364625
2456364625
2456364625
2456364625
2456364625
2456364625
2456364625
2456364624
2456364624
2456364624
2456364624
2456364624
2456364624
2456364624
2456364624
2456364624
2456364624
2456364624
2456364624
2456364624
2456364624
2456364624
2456364624
2452169297
2452169297
2452169297
2452169297
2452169297
2452169297
2452169297
2452169297
2452169296
2452169296
2452169296
2452169296
2452169296
2452169296
2452169296
2452169296
2452169296
2452169296
2452169296
2452169296
2452169296
2452169296
2452169296
2452169296
2460559953
2460559953
2460559953
2460559953
2460559953
2460559953
2460559953
2460559953
2460559952
2460559952
2460559952
2460559952
2460559952
2460559952
2460559952
2460559952
2460559952
2460559952
2460559952
2460559952
2460559952
2460559952
2460559952
2460559952
2458462289
2458462289
2458462289
2458462289
2458462289
2458462289
2458462289
2458462289
2458462288
2458462288
2458462288
2458462288
2458462288
2458462288
2458462288
2458462288
2458462288
2458462288
2458462288
2458462288
2458462288
2458462288
2458462288
2458462288
2462657617
2462657649
2462657651
2462657651
2462657651
2462657619
2462657625
2462657625
2462657624
2462657624
2462657624
2462657624
2462657616
2462657616
2462657616
2462657620
2462657620
2462657620
2462657620
2462657620
2462657620
2462657616
2462657616
2462657616
2454267089
2454267121
2454267123
2454266995
2454266995
2454266963
2454266969
2454267225
2454267224
2454267224
2454267224
2454267160
2454267152
2454267152
2454267152
2454267284
2454267284
2454267284
2454267284
2454267028
2454267028
2454267024
2454267024
2454267088
2454267089
2454267121
2454267123
2454266995
2454266995
2454266963
2454266969
2454267225
2454267224
2454267224
2454267224
2454267160
2454267152
2454267152
2454267152
2454267284
2454267284
2454267284
2454267284
2454267028
2454267028
2454267024
2454267024
2454267088
2454267089
2454267121
2454267123
2454266995
2454266995
2454266963
2454266969
2454267225
2454267224
2454267224
2454267224
2454267160
2454267152
2454267152
2454267152
2454267284
2454267284
2454267284
2454267284
2454267028
2454267028
2454267024
2454267024
2454267088
2454267089
2454267121
2454267123
2454266995
2454266995
2454266963
2454266969
2454267225
2454267224
2454267224
2454267224
2454267160
2454267152
2454267152
2454267152
2454267284
2454267284
2454267284
2454267284
2454267028
2454267028
2454267024
2454267024
2454267088
2454267089
2454267121
2454267123
2454266995
2454266995
2454266963
2454266969
2454267225
2454267224
2454267224
2454267224
2454267160
2454267152
2454267152
2454267152
2454267284
2454267284
2454267284
2454267284
2454267028
2454267028
2454267024
2454267024
2454267088
2454267089
2454267121
2454267123
2454266995
2454266995
2454266963
2454266969
2454267225
2454267224
2454267224
2454267224
2454267160
2454267152
2454267152
2454267152
2454267284
2454267284
2454267284
2454267284
2454267028
2454267028
2454267024
2454267024
2454267088
0

